frame 18
z_slices 35
maxZ 238
perFrameAdaptiveBackground 0.00384137
perFrameMeanBrightness 0.00449262
nextFrameBackgroundValue 0.02
cell trash_1 160.562 342.589 39.8442 16.6772 13.6955 10.7128 -1.59534 1.17231 -2.35084 0.424393 1
cell cell_20 472.595 361.853 135.893 41.3214 39.3907 28.9477 0.15402 -0.186831 2.43913 0.582756 0
cell cell_21 323.125 284.849 159.573 43.8355 40.8504 27.9267 2.86204 -0.00324024 1.83926 0.368409 0
cell cell_30 489.859 260.922 63.8711 37.078 35.6407 28.8116 -0.0743864 0.240462 -1.34021 0.695804 0
cell cell_31 563.597 335.384 124.132 35.0858 32.1242 28.9635 2.92736 0.174512 -0.853973 0.774661 0
cell cell_100 158.587 248.96 97.2844 29.3247 26.2607 17.7215 0.224532 -0.313173 -2.93545 0.476764 0
cell cell_101 166.946 259.81 127.698 29.0709 25.65 21.9564 0.514603 -0.36359 2.85805 0.460984 0
cell cell_110 294.341 167.801 98.0196 29.6427 25.3466 17.9549 -2.40496 -0.238934 -1.25027 0.565628 0
cell cell_111 324.55 166.136 78.3304 27.1792 24.8387 15.6217 -2.34666 -0.199301 -1.33683 0.616361 0
cell cell_010 445.75 163.024 137.927 30.07 26.6936 13.0958 -2.09017 0.891386 2.37344 0.433914 0
cell cell_011 458.497 197.308 143.54 29.7013 24.6707 12.2171 2.62912 1.48483 0.722137 0.428495 0
cell cell_000 301.765 365.839 96.3645 29.3406 22.3037 17.6154 -0.747398 -0.270454 -0.765894 0.610503 0
cell cell_001 291.409 342.482 75.2284 28.6492 26.4424 15.3382 -0.737368 -0.16229 -0.560965 0.484941 0
snap cell_000 1 1.66563 0.329939 0.62576 0.706799 17.6154 301.765 365.839 96.3645 29.3406 22.3037 17.6154 -0.747398 -0.270454 -0.765894 0.52623
snap cell_001 1 1.86783 0.256412 0.632931 0.730514 15.3382 291.409 342.482 75.2284 28.6492 26.4424 15.3382 -0.737368 -0.16229 -0.560965 0.52623
snap cell_010 1 2.29614 -0.325488 -0.892635 -0.311865 13.0958 445.75 163.024 137.927 30.07 26.6936 13.0958 -2.09017 0.891386 2.37344 0.381275
snap cell_011 1 2.43113 -0.327475 -0.941892 -0.0748283 12.2171 458.497 197.308 143.54 29.7013 24.6707 12.2171 2.62912 1.48483 0.722137 0.381275
snap cell_100 1 1.65476 0.248414 0.279412 0.92748 17.7215 158.587 248.96 97.2844 29.3247 26.2607 17.7215 0.224532 -0.313173 -2.93545 0.479699
snap cell_101 1 1.32403 0.434906 0.385931 0.813581 21.9564 166.946 259.81 127.698 29.0709 25.65 21.9564 0.514603 -0.36359 2.85805 0.479699
snap cell_110 1 1.65096 0.692815 0.0452799 -0.719692 17.9549 294.341 167.801 98.0196 29.6427 25.3466 17.9549 -2.40496 -0.238934 -1.25027 0.494438
snap cell_111 1 1.73983 0.726511 0.0306093 -0.686473 15.6217 324.55 166.136 78.3304 27.1792 24.8387 15.6217 -2.34666 -0.199301 -1.33683 0.494438
snap cell_20 1 1.42745 0.239212 -0.00149728 0.970966 28.9477 472.595 361.853 135.893 41.3214 39.3907 28.9477 0.15402 -0.186831 2.43913 0.607169
snap cell_21 1 1.56966 0.265215 0.0761909 -0.961174 27.9267 323.125 284.849 159.573 43.8355 40.8504 27.9267 2.86204 -0.00324024 1.83926 0.358563
snap cell_30 1 1.28691 0.126629 -0.214222 0.968542 28.8116 489.859 260.922 63.8711 37.078 35.6407 28.8116 -0.0743864 0.240462 -1.34021 0.664777
snap cell_31 1 1.21138 -0.271744 -0.0117734 -0.962297 28.9635 563.597 335.384 124.132 35.0858 32.1242 28.9635 2.92736 0.174512 -0.853973 0.695131
snap trash_1 1 1.55675 0.726577 -0.687019 -0.0095221 10.7128 160.562 342.589 39.8442 16.6772 13.6955 10.7128 -1.59534 1.17231 -2.35084 0.525137
ref cell_0 43.7652 43.2018 37.2848
ref cell_00 39.6835 37.4692 29.1674
ref cell_000 29.3406 22.3037 17.6154
ref cell_001 28.6492 26.4424 15.3382
ref cell_01 37.7519 34.0047 30.982
ref cell_010 30.07 26.6936 13.0958
ref cell_011 29.7013 24.6707 12.2171
ref cell_1 47.5293 44.4174 38.7679
ref cell_10 42.3285 36.6362 29.4504
ref cell_100 29.3247 26.2607 17.7215
ref cell_101 29.0709 25.65 21.9564
ref cell_11 42.0379 37.1488 29.6493
ref cell_110 29.6427 25.3466 17.9549
ref cell_111 27.1792 24.8387 15.6217
ref cell_2 50.8739 44.9679 37.8806
ref cell_20 41.3214 35.5325 19.3069
ref cell_21 41.0573 35.2027 18.7208
ref cell_3 46.9226 38.6494 35.1508
ref cell_30 30.4898 28.966 17.7917
ref cell_31 35.0858 28.1967 17.8805
ref trash_1 16.396 12.8771 10.6969
birth cell_0 48.4603 47.6712 39.3455
birth cell_00 23.2603 21.9624 17.3688
birth cell_000 29.3406 22.3037 17.6154
birth cell_001 28.6492 26.4424 15.3382
birth cell_01 21.5024 19.9317 18.1599
birth cell_010 30.07 26.6936 13.0958
birth cell_011 29.7013 24.6707 12.2171
birth cell_1 50.1783 46.8724 41.7182
birth cell_10 24.8106 21.4741 17.2622
birth cell_100 29.3247 26.2607 17.7215
birth cell_101 29.0709 25.65 21.9564
birth cell_11 24.6403 21.7746 18.9096
birth cell_110 29.6427 25.3466 17.9549
birth cell_111 27.1792 24.8387 15.6217
birth cell_2 46.152 42.5365 37.0079
birth cell_20 26.946 22.962 11.2884
birth cell_21 26.5322 21.836 10.9456
birth cell_3 43.4416 40.3869 36.8752
birth cell_30 21.6685 20.5856 12.6442
birth cell_31 27.5752 20.0389 12.7073
birth trash_1 14.519 12.4099 10.3459
