frame 2
z_slices 35
maxZ 238
perFrameAdaptiveBackground 0.00358532
perFrameMeanBrightness 0.00449856
nextFrameBackgroundValue 0.02
cell cell_0 396.686 176.075 113.731 45.934 42.5141 25.7427 -0.0819927 0.142061 2.0888 0.244286 0
cell cell_1 199.869 233.514 109.764 49.866 43.0406 27.6852 0.0217791 0.0929092 0.442518 0.245356 0
cell cell_2 346.823 386.899 112.967 50.36 47.4613 42.4981 0.00621212 -0.0520958 0.162682 0.761747 0
cell cell_3 550.226 251.133 117.577 46.7978 43.0125 39.5671 -0.264639 0.145406 -1.09297 0.74129 0
cell trash_1 161.865 342.595 35.6895 13.1671 12.9262 10.5536 1.49573 0.96464 0.737227 0.450446 1
cell trash_2 343.71 140.122 142.773 16.8918 13.2923 9.38435 -1.47567 1.46992 -2.48449 0.421218 1
snap cell_0 1 1.78435 -0.141025 0.0820431 0.986601 25.7427 396.686 176.075 113.731 45.934 42.5141 25.7427 -0.0819927 0.142061 2.0888 0.665853
snap cell_1 1 1.80118 0.0931446 0.020039 0.995451 27.6852 199.869 233.514 109.764 49.866 43.0406 27.6852 0.0217791 0.0929092 0.442518 0.622449
snap cell_2 1 1.18499 -0.0503776 -0.0145638 0.998624 42.4981 346.823 386.899 112.967 50.36 47.4613 42.4981 0.00621212 -0.0520958 0.162682 0.705679
snap cell_3 1 1.18275 0.296575 -0.00390845 0.955001 39.5671 550.226 251.133 117.577 46.7978 43.0125 39.5671 -0.264639 0.145406 -1.09297 0.673175
snap trash_1 1 1.24763 0.715976 -0.696816 0.0427279 10.5536 161.865 342.595 35.6895 13.1671 12.9262 10.5536 1.49573 0.96464 0.737227 0.432164
snap trash_2 1 1.8 0.533245 -0.845907 0.00956527 9.38435 343.71 140.122 142.773 16.8918 13.2923 9.38435 -1.47567 1.46992 -2.48449 0.162838
ref cell_0 46.0686 45.4756 39.2472
ref cell_1 50.0308 46.7552 40.8084
ref cell_2 49.797 46.8965 40.8012
ref cell_3 45.9333 42.7787 39.3126
ref trash_1 13.1671 12.9262 10.5536
ref trash_2 25.2054 17.0941 14.003
birth cell_0 48.4603 47.6712 39.3455
birth cell_1 50.1783 46.8724 41.7182
birth cell_2 46.152 42.5365 37.0079
birth cell_3 43.4416 40.3869 36.8752
birth trash_1 14.519 12.4099 10.3459
birth trash_2 16.6408 13.6524 11.4758
