frame 19
z_slices 35
maxZ 238
perFrameAdaptiveBackground 0.00349033
perFrameMeanBrightness 0.00449253
nextFrameBackgroundValue 0.02
cell trash_1 160.444 342.2 36.2048 12.3009 11.9198 11.348 -0.4153 0.924787 -1.31172 0.559235 1
cell cell_20 475.199 367.067 121.085 41.9999 40.2472 29.1718 -0.0259249 0.0212222 -2.80324 0.671694 0
cell cell_21 332.948 297.186 155.676 42.8756 41.7882 27.685 2.94354 -0.189141 1.35314 0.359593 0
cell cell_30 500.987 236.383 62.8242 37.7166 36.9758 28.302 -0.0498501 -0.0557819 -1.33017 0.681958 0
cell cell_31 567.536 327.389 114.943 35.4585 33.05 28.6827 2.87971 0.148536 -0.673227 0.785623 0
cell cell_100 149.11 244.385 96.3662 28.7707 24.196 19.3647 0.718188 -0.568237 -2.93931 0.537152 0
cell cell_101 167.006 285.714 140.723 27.8231 24.2304 21.5921 0.607403 -0.792226 -2.86664 0.449708 0
cell cell_110 281.838 152.605 117.242 27.5451 25.3957 17.8981 -2.25594 0.395144 -1.70074 0.528406 0
cell cell_111 331.872 154.81 79.8677 26.2915 23.7784 18.8382 -2.4033 0.461553 -2.36382 0.564471 0
cell cell_010 438.357 159.459 147.948 28.8313 23.4017 14.1801 -1.59257 1.47677 2.76792 0.405942 0
cell cell_011 465.568 222.542 145.322 28.182 23.4692 12.4938 2.35629 1.40064 0.386709 0.326191 0
cell cell_000 316.504 366.086 94.2514 25.5781 22.11 17.5615 -1.22486 -0.258918 -0.875553 0.659121 0
cell cell_001 278.69 322.472 65.9728 26.0062 23.2194 14.4029 -0.980082 -0.0764982 -0.672207 0.644247 0
snap cell_000 1 1.45649 0.666794 0.669289 0.327776 17.5615 316.504 366.086 94.2514 25.5781 22.11 17.5615 -1.22486 -0.258918 -0.875553 0.610503
snap cell_001 1 1.80562 0.483886 0.676363 0.555326 14.4029 278.69 322.472 65.9728 26.0062 23.2194 14.4029 -0.980082 -0.0764982 -0.672207 0.484941
snap cell_010 1 2.03322 -0.344767 -0.938686 -0.00204421 14.1801 438.357 159.459 147.948 28.8313 23.4017 14.1801 -1.59257 1.47677 2.76792 0.433914
snap cell_011 1 2.25567 -0.378839 -0.917682 -0.119748 12.4938 465.568 222.542 145.322 28.182 23.4692 12.4938 2.35629 1.40064 0.386709 0.428495
snap cell_100 1 1.48572 0.264758 0.726018 0.634666 19.3647 149.11 244.385 96.3662 28.7707 24.196 19.3647 0.718188 -0.568237 -2.93931 0.476764
snap cell_101 1 1.28858 0.407665 0.708014 0.576651 21.5921 167.006 285.714 140.723 27.8231 24.2304 21.5921 0.607403 -0.792226 -2.86664 0.460984
snap cell_110 1 1.53899 0.799361 0.141199 -0.584025 17.8981 281.838 152.605 117.242 27.5451 25.3957 17.8981 -2.25594 0.395144 -1.70074 0.565628
snap cell_111 1 1.39565 0.706936 -0.24839 -0.662226 18.8382 331.872 154.81 79.8677 26.2915 23.7784 18.8382 -2.4033 0.461553 -2.36382 0.616361
snap cell_20 1 1.43974 -0.0114064 -0.0314937 0.999439 29.1718 475.199 367.067 121.085 41.9999 40.2472 29.1718 -0.0259249 0.0212222 -2.80324 0.582756
snap cell_21 1 1.5487 0.231928 0.137501 -0.962966 27.685 332.948 297.186 155.676 42.8756 41.7882 27.685 2.94354 -0.189141 1.35314 0.368409
snap cell_30 1 1.33265 0.0351237 0.0659544 0.997204 28.302 500.987 236.383 62.8242 37.7166 36.9758 28.302 -0.0498501 -0.0557819 -1.33017 0.695804
snap cell_31 1 1.23623 -0.273182 -0.113282 -0.955269 28.6827 567.536 327.389 114.943 35.4585 33.05 28.6827 2.87971 0.148536 -0.673227 0.774661
snap trash_1 1 1.08397 0.577175 -0.602871 0.550831 11.348 160.444 342.2 36.2048 12.3009 11.9198 11.348 -0.4153 0.924787 -1.31172 0.424393
ref cell_0 43.7652 43.2018 37.2848
ref cell_00 39.6835 37.4692 29.1674
ref cell_000 27.8736 22.11 17.5615
ref cell_001 27.2167 25.1202 14.5713
ref cell_01 37.7519 34.0047 30.982
ref cell_010 28.8313 25.3589 13.7506
ref cell_011 28.2162 23.4692 12.4938
ref cell_1 47.5293 44.4174 38.7679
ref cell_10 42.3285 36.6362 29.4504
ref cell_100 28.7707 24.9477 18.6076
ref cell_101 27.8231 24.3675 21.5921
ref cell_11 42.0379 37.1488 29.6493
ref cell_110 28.1606 25.3957 17.8981
ref cell_111 26.2915 23.7784 16.4028
ref cell_2 50.8739 44.9679 37.8806
ref cell_20 41.9999 37.3091 20.2723
ref cell_21 42.8756 36.9628 19.6568
ref cell_3 46.9226 38.6494 35.1508
ref cell_30 32.0143 30.4143 18.6813
ref cell_31 35.4585 29.6065 18.7745
ref trash_1 15.5762 12.2332 11.2318
birth cell_0 48.4603 47.6712 39.3455
birth cell_00 23.2603 21.9624 17.3688
birth cell_000 29.3406 22.3037 17.6154
birth cell_001 28.6492 26.4424 15.3382
birth cell_01 21.5024 19.9317 18.1599
birth cell_010 30.07 26.6936 13.0958
birth cell_011 29.7013 24.6707 12.2171
birth cell_1 50.1783 46.8724 41.7182
birth cell_10 24.8106 21.4741 17.2622
birth cell_100 29.3247 26.2607 17.7215
birth cell_101 29.0709 25.65 21.9564
birth cell_11 24.6403 21.7746 18.9096
birth cell_110 29.6427 25.3466 17.9549
birth cell_111 27.1792 24.8387 15.6217
birth cell_2 46.152 42.5365 37.0079
birth cell_20 26.946 22.962 11.2884
birth cell_21 26.5322 21.836 10.9456
birth cell_3 43.4416 40.3869 36.8752
birth cell_30 21.6685 20.5856 12.6442
birth cell_31 27.5752 20.0389 12.7073
birth trash_1 14.519 12.4099 10.3459
