frame 7
z_slices 35
maxZ 238
perFrameAdaptiveBackground 0.00365052
perFrameMeanBrightness 0.0043003
nextFrameBackgroundValue 0.02
cell cell_3 532.114 302.262 115.16 48.264 45.0036 39.195 0.190439 -0.165485 -0.628399 0.752912 0
cell trash_1 160.906 341.026 36.11 18.203 12.7878 10.2671 -2.23066 1.35716 -2.95579 0.338459 1
cell cell_10 164.952 277.885 109.021 37.4238 34.3232 31.0718 0.274086 -0.289304 1.58147 0.556118 0
cell cell_11 228.063 171.403 121.863 36.7838 34.8513 30.9716 2.8113 -0.455481 0.949672 0.566539 0
cell cell_00 382.797 248.509 62.481 35.3991 34.0678 24.5117 0.0924306 -0.166521 -1.05375 0.557828 0
cell cell_01 437.306 158.235 104.487 36.8025 32.4156 29.2665 -2.0956 0.396891 2.01262 0.589289 0
cell cell_20 397.477 339.549 145.724 26.946 22.962 11.2884 -0.190321 1.24665 -2.99723 0.332605 0
cell cell_21 353.948 329.033 149.007 26.5322 21.836 10.9456 1.1765 1.11046 -1.8563 0.321049 0
snap cell_00 1 1.44418 -0.161818 0.0978465 0.981958 24.5117 382.797 248.509 62.481 35.3991 34.0678 24.5117 0.0924306 -0.166521 -1.05375 0.590225
snap cell_01 1 1.25749 -0.699504 -0.545127 -0.462093 29.2665 437.306 158.235 104.487 36.8025 32.4156 29.2665 -2.0956 0.396891 2.01262 0.508185
snap cell_10 1 1.20443 0.273584 -0.271731 0.922667 31.0718 164.952 277.885 109.021 37.4238 34.3232 31.0718 0.274086 -0.289304 1.58147 0.455336
snap cell_11 1 1.18766 0.505904 0.149659 -0.849508 30.9716 228.063 171.403 121.863 36.7838 34.8513 30.9716 2.8113 -0.455481 0.949672 0.369134
snap cell_20 1 2.38706 -0.893908 -0.321116 0.312751 11.2884 397.477 339.549 145.724 26.946 22.962 11.2884 -0.190321 1.24665 -2.99723 0.378225
snap cell_21 1 2.424 -0.982825 -0.0702135 0.170662 10.9456 353.948 329.033 149.007 26.5322 21.836 10.9456 1.1765 1.11046 -1.8563 0.378225
snap cell_3 1 1.23138 -0.242127 -0.0580437 0.968507 39.195 532.114 302.262 115.16 48.264 45.0036 39.195 0.190439 -0.165485 -0.628399 0.778807
snap trash_1 1 1.77294 0.734717 -0.665807 -0.129967 10.2671 160.906 341.026 36.11 18.203 12.7878 10.2671 -2.23066 1.35716 -2.95579 0.390324
ref cell_0 43.7652 43.2018 37.2848
ref cell_00 26.9267 25.4242 19.7911
ref cell_01 24.8917 23.0734 21.0224
ref cell_1 47.5293 44.4174 38.7679
ref cell_10 28.7214 24.859 19.9832
ref cell_11 28.5242 25.2068 20.1181
ref cell_2 50.8739 44.9679 37.8806
ref cell_20 26.946 22.962 11.2884
ref cell_21 26.5322 21.836 10.9456
ref cell_3 48.264 45.0036 39.195
ref trash_1 15.2044 12.7878 10.6972
birth cell_0 48.4603 47.6712 39.3455
birth cell_00 23.2603 21.9624 17.3688
birth cell_01 21.5024 19.9317 18.1599
birth cell_1 50.1783 46.8724 41.7182
birth cell_10 24.8106 21.4741 17.2622
birth cell_11 24.6403 21.7746 18.9096
birth cell_2 46.152 42.5365 37.0079
birth cell_20 26.946 22.962 11.2884
birth cell_21 26.5322 21.836 10.9456
birth cell_3 43.4416 40.3869 36.8752
birth trash_1 14.519 12.4099 10.3459
