frame 3
z_slices 35
maxZ 238
perFrameAdaptiveBackground 0.0024502
perFrameMeanBrightness 0.00424019
nextFrameBackgroundValue 0.02
cell cell_0 388.146 197.939 102.321 35.9797 32.5756 24.3123 -0.0036246 0.00241664 1.94185 0.346105 0
cell cell_1 207.996 233.31 102.192 40.0341 39.0051 24.7442 0.144468 0.175872 0.0379822 0.314986 0
cell cell_2 362.373 385.803 112.705 50.4498 47.4533 39.1543 0.0681074 0.0350987 -0.342835 0.76675 0
cell cell_3 553.612 246.272 113.577 48.0727 43.458 39.1175 -0.150853 0.0967821 -0.924342 0.728827 0
cell trash_1 161.865 342.595 35.6895 14.051 12.335 10.3264 -1.83077 0.922526 -2.80839 0.394788 1
cell trash_2 350.238 155.394 140.908 19.458 13.8373 10.81 1.17754 0.788129 0.747601 0.270691 1
snap cell_0 1 1.4799 -0.00425419 0.000937912 0.999991 24.3123 388.146 197.939 102.321 35.9797 32.5756 24.3123 -0.0036246 0.00241664 1.94185 0.244286
snap cell_1 1 1.61792 0.178486 -0.137287 0.974318 24.7442 207.996 233.31 102.192 40.0341 39.0051 24.7442 0.144468 0.175872 0.0379822 0.245356
snap cell_2 1 1.28849 0.0100956 -0.0758633 0.997067 39.1543 362.373 385.803 112.705 50.4498 47.4533 39.1543 0.0681074 0.0350987 -0.342835 0.761747
snap cell_3 1 1.22893 0.177504 0.0142663 0.984017 39.1175 553.612 246.272 113.577 48.0727 43.458 39.1175 -0.150853 0.0967821 -0.924342 0.74129
snap trash_1 1 1.36068 0.509715 -0.846226 -0.155214 10.3264 161.865 342.595 35.6895 14.051 12.335 10.3264 -1.83077 0.922526 -2.80839 0.450446
snap trash_2 1 1.8 0.827227 -0.492622 0.270219 10.81 350.238 155.394 140.908 19.458 13.8373 10.81 1.17754 0.788129 0.747601 0.421218
ref cell_0 43.7652 43.2018 37.2848
ref cell_1 47.5293 44.4174 38.7679
ref cell_2 50.4498 47.4533 39.1543
ref cell_3 48.0727 43.458 39.1175
ref trash_1 13.8254 12.335 10.3264
ref trash_2 23.9451 16.2394 13.3028
birth cell_0 48.4603 47.6712 39.3455
birth cell_1 50.1783 46.8724 41.7182
birth cell_2 46.152 42.5365 37.0079
birth cell_3 43.4416 40.3869 36.8752
birth trash_1 14.519 12.4099 10.3459
birth trash_2 16.6408 13.6524 11.4758
