frame 15
z_slices 35
maxZ 238
perFrameAdaptiveBackground 0.00153097
perFrameMeanBrightness 0.00635606
nextFrameBackgroundValue 0.02
cell trash_1 160.121 340.799 35.2479 13.8667 13.3033 10.5479 1.13836 1.39591 0.478971 0.394894 1
cell cell_10 159.635 305.322 104.598 45.4662 43.0192 35.8294 -0.109535 -0.0108244 1.29939 0.652953 0
cell cell_11 271.74 139.956 87.2366 46.4577 44.7226 36.7659 3.0775 0.166251 0.445087 0.74072 0
cell cell_00 352.119 357.894 72.411 46.6111 44.0068 32.8731 0.143036 0.0743623 -1.17218 0.650197 0
cell cell_01 456.073 157.341 155.323 44.5455 42.9191 38.2957 2.82558 0.17359 1.33664 0.432808 0
cell cell_20 480.767 351.548 135.181 39.1662 36.4285 28.9806 0.226885 -0.144013 -3.12183 0.428911 0
cell cell_21 310.076 296.011 157.116 39.9159 36.4597 27.7937 3.08825 0.632371 0.785942 0.26761 0
cell cell_30 506.914 248.576 70.8508 35.0809 30.9568 24.8836 -0.00257168 0.000440539 -0.732582 0.467354 0
cell cell_31 577.435 316.352 142.422 32.4926 29.3949 27.6717 -3.12313 0.279569 -0.83023 0.446899 0
snap cell_00 1 1.41791 -0.102831 -0.1231 0.987052 32.8731 352.119 357.894 72.411 46.6111 44.0068 32.8731 0.143036 0.0743623 -1.17218 0.665938
snap cell_01 1 1.1632 0.264212 -0.231795 -0.936196 38.2957 456.073 157.341 155.323 44.5455 42.9191 38.2957 2.82558 0.17359 1.33664 0.406204
snap cell_10 1 1.26896 -0.108199 0.0189411 0.993949 35.8294 159.635 305.322 104.598 45.4662 43.0192 35.8294 -0.109535 -0.0108244 1.29939 0.65468
snap cell_11 1 1.26361 -0.12148 -0.128913 -0.984187 36.7659 271.74 139.956 87.2366 46.4577 44.7226 36.7659 3.0775 0.166251 0.445087 0.75371
snap cell_20 1 1.35146 0.135365 0.227663 0.964285 28.9806 480.767 351.548 135.181 39.1662 36.4285 28.9806 0.226885 -0.144013 -3.12183 0.453068
snap cell_21 1 1.43615 -0.379396 -0.455258 -0.805481 27.7937 310.076 296.011 157.116 39.9159 36.4597 27.7937 3.08825 0.632371 0.785942 0.260536
snap cell_30 1 1.4098 0.00204743 0.00161728 0.999997 24.8836 506.914 248.576 70.8508 35.0809 30.9568 24.8836 -0.00257168 0.000440539 -0.732582 0.432545
snap cell_31 1 1.17422 -0.172518 0.216093 -0.961011 27.6717 577.435 316.352 142.422 32.4926 29.3949 27.6717 -3.12313 0.279569 -0.83023 0.351107
snap trash_1 1 1.31463 0.784694 -0.61558 0.0729188 10.5479 160.121 340.799 35.2479 13.8667 13.3033 10.5479 1.13836 1.39591 0.478971 0.433476
ref cell_0 43.7652 43.2018 37.2848
ref cell_00 39.783 37.5631 29.2405
ref cell_01 36.7764 34.09 31.0596
ref cell_1 47.5293 44.4174 38.7679
ref cell_10 42.4346 36.728 29.5242
ref cell_11 42.1432 37.242 29.7236
ref cell_2 50.8739 44.9679 37.8806
ref cell_20 37.1871 30.6943 16.6781
ref cell_21 35.4668 30.4094 16.1717
ref cell_3 46.9226 38.6494 35.1508
ref cell_30 26.3382 25.0219 15.3692
ref cell_31 30.3256 24.3573 15.4458
ref trash_1 16.6374 13.3033 10.7829
birth cell_0 48.4603 47.6712 39.3455
birth cell_00 23.2603 21.9624 17.3688
birth cell_01 21.5024 19.9317 18.1599
birth cell_1 50.1783 46.8724 41.7182
birth cell_10 24.8106 21.4741 17.2622
birth cell_11 24.6403 21.7746 18.9096
birth cell_2 46.152 42.5365 37.0079
birth cell_20 26.946 22.962 11.2884
birth cell_21 26.5322 21.836 10.9456
birth cell_3 43.4416 40.3869 36.8752
birth cell_30 21.6685 20.5856 12.6442
birth cell_31 27.5752 20.0389 12.7073
birth trash_1 14.519 12.4099 10.3459
