frame 17
z_slices 35
maxZ 238
perFrameAdaptiveBackground 0.00371166
perFrameMeanBrightness 0.0043701
nextFrameBackgroundValue 0.02
cell trash_1 160.562 342.589 39.8442 15.6153 12.2397 10.0205 1.7642 1.42322 1.15881 0.525137 1
cell cell_10 161.025 274.681 116.708 37.6646 35.9626 20.4082 0.512048 -0.0284299 2.98128 0.536621 0
cell cell_11 300.465 159.948 95.5903 37.089 34.3073 19.3069 -2.68019 0.208958 -1.513 0.611047 0
cell cell_00 319.048 357.68 81.451 37.4272 32.2007 17.8384 -0.840686 -0.285827 -1.1343 0.703624 0
cell cell_01 451.456 172.033 146.707 37.7519 33.1666 15.4452 -2.19153 0.498428 2.52845 0.533304 0
cell cell_20 474.707 353.755 133.406 40.6937 38.7811 28.3366 -0.0137078 -0.108922 2.18073 0.607169 0
cell cell_21 319.65 294.59 158.113 41.6181 39.9207 28.3919 -2.67372 -0.118546 2.53764 0.358563 0
cell cell_30 491.597 256.892 64.327 36.5121 35.8649 26.9315 -0.118405 0.242517 -1.33669 0.664777 0
cell cell_31 570.566 323.861 132.3 34.3635 33.3378 28.4792 2.77584 0.157718 -0.289768 0.695131 0
snap cell_00 1 2.09813 0.59574 0.485418 0.639893 17.8384 319.048 357.68 81.451 37.4272 32.2007 17.8384 -0.840686 -0.285827 -1.1343 0.52623
snap cell_01 1 2.44425 -0.240698 -0.825277 -0.510865 15.4452 451.456 172.033 146.707 37.7519 33.1666 15.4452 -2.19153 0.498428 2.52845 0.381275
snap cell_10 1 1.84556 0.102674 0.479725 0.871391 20.4082 161.025 274.681 116.708 37.6646 35.9626 20.4082 0.512048 -0.0284299 2.98128 0.479699
snap cell_11 1 1.92102 0.433735 0.211156 -0.875949 19.3069 300.465 159.948 95.5903 37.089 34.3073 19.3069 -2.68019 0.208958 -1.513 0.494438
snap cell_20 1 1.43608 0.0510268 -0.0969491 0.99398 28.3366 474.707 353.755 133.406 40.6937 38.7811 28.3366 -0.0137078 -0.108922 2.18073 0.55823
snap cell_21 1 1.46584 -0.343002 -0.311261 -0.886265 28.3919 319.65 294.59 158.113 41.6181 39.9207 28.3919 -2.67372 -0.118546 2.53764 0.381956
snap cell_30 1 1.35574 0.170224 -0.204558 0.96394 26.9315 491.597 256.892 64.327 36.5121 35.8649 26.9315 -0.118405 0.242517 -1.33669 0.643196
snap cell_31 1 1.20662 -0.242752 -0.300828 -0.922266 28.4792 570.566 323.861 132.3 34.3635 33.3378 28.4792 2.77584 0.157718 -0.289768 0.672122
snap trash_1 1 1.55834 0.823117 -0.567168 -0.0282616 10.0205 160.562 342.589 39.8442 15.6153 12.2397 10.0205 1.7642 1.42322 1.15881 0.557874
ref cell_0 43.7652 43.2018 37.2848
ref cell_00 39.6835 37.4692 29.1674
ref cell_01 37.7519 34.0047 30.982
ref cell_1 47.5293 44.4174 38.7679
ref cell_10 42.3285 36.6362 29.4504
ref cell_11 42.0379 37.1488 29.6493
ref cell_2 50.8739 44.9679 37.8806
ref cell_20 40.6937 33.8404 18.3876
ref cell_21 39.1021 33.5264 17.8293
ref cell_3 46.9226 38.6494 35.1508
ref cell_30 29.0379 27.5867 16.9445
ref cell_31 33.434 26.854 17.029
ref trash_1 15.6153 12.2639 10.1876
birth cell_0 48.4603 47.6712 39.3455
birth cell_00 23.2603 21.9624 17.3688
birth cell_01 21.5024 19.9317 18.1599
birth cell_1 50.1783 46.8724 41.7182
birth cell_10 24.8106 21.4741 17.2622
birth cell_11 24.6403 21.7746 18.9096
birth cell_2 46.152 42.5365 37.0079
birth cell_20 26.946 22.962 11.2884
birth cell_21 26.5322 21.836 10.9456
birth cell_3 43.4416 40.3869 36.8752
birth cell_30 21.6685 20.5856 12.6442
birth cell_31 27.5752 20.0389 12.7073
birth trash_1 14.519 12.4099 10.3459
