frame 11
z_slices 35
maxZ 238
perFrameAdaptiveBackground 0.00206451
perFrameMeanBrightness 0.00519247
nextFrameBackgroundValue 0.02
cell trash_1 159.683 341.294 35.1153 22.5148 14.0262 12.5082 2.31818 1.10647 1.96989 0.330019 1
cell cell_10 169.565 310.371 82.7055 44.9857 40.5408 32.5221 -0.016372 -0.249369 1.36284 0.715986 0
cell cell_11 259.235 144.247 112.297 45.6356 42.4127 36.497 3.0802 0.0810141 -0.372251 0.741253 0
cell cell_00 357.944 308.45 66.4028 42.4789 40.5641 31.1094 0.012128 0.0220585 -1.65944 0.710188 0
cell cell_01 413.47 164.671 155.202 43.2131 37.7039 36.8855 2.80731 0.0128606 1.67701 0.422996 0
cell cell_20 450.374 354.806 127.198 34.2523 31.9834 24.8286 -0.737561 0.289794 -3.0295 0.500979 0
cell cell_21 309.428 344.818 165.584 34.507 31.4841 24.0748 -2.74386 0.923409 0.16632 0.283989 0
cell cell_30 526.548 255.387 100.921 21.6685 20.5856 12.6442 -1.04986 -0.733707 -0.812166 0.621615 0
cell cell_31 547.508 310.476 116.51 27.5752 20.0389 12.7073 -0.836251 -1.07932 -1.20793 0.574165 0
snap cell_00 1 1.36547 -0.0140326 -0.0208949 0.999683 31.1094 357.944 308.45 66.4028 42.4789 40.5641 31.1094 0.012128 0.0220585 -1.65944 0.687645
snap cell_01 1 1.17155 0.327532 0.0227018 -0.944567 36.8855 413.47 164.671 155.202 43.2131 37.7039 36.8855 2.80731 0.0128606 1.67701 0.459697
snap cell_10 1 1.38324 -0.0669651 -0.238062 0.968939 32.5221 169.565 310.371 82.7055 44.9857 40.5408 32.5221 -0.016372 -0.249369 1.36284 0.738616
snap cell_11 1 1.25039 -0.0975548 -0.0277698 -0.994843 36.497 259.235 144.247 112.297 45.6356 42.4127 36.497 3.0802 0.0810141 -0.372251 0.756712
snap cell_20 1 1.37955 -0.134941 -0.691921 0.70925 24.8286 450.374 354.806 127.198 34.2523 31.9834 24.8286 -0.737561 0.289794 -3.0295 0.358947
snap cell_21 1 1.43332 -0.789374 0.260233 -0.556028 24.0748 309.428 344.818 165.584 34.507 31.4841 24.0748 -2.74386 0.923409 0.16632 0.242221
snap cell_30 1 1.71371 0.400243 0.838556 0.369634 12.6442 526.548 255.387 100.921 21.6685 20.5856 12.6442 -1.04986 -0.733707 -0.812166 0.323563
snap cell_31 1 2.17002 0.48406 0.815863 0.316312 12.7073 547.508 310.476 116.51 27.5752 20.0389 12.7073 -0.836251 -1.07932 -1.20793 0.323563
snap trash_1 1 1.8 0.911992 -0.274977 -0.304397 12.5082 159.683 341.294 35.1153 22.5148 14.0262 12.5082 2.31818 1.10647 1.96989 0.255404
ref cell_0 43.7652 43.2018 37.2848
ref cell_00 32.7296 30.9033 24.0562
ref cell_01 30.256 28.0459 25.5528
ref cell_1 47.5293 44.4174 38.7679
ref cell_10 34.911 30.2163 24.2897
ref cell_11 34.6714 30.6391 24.4537
ref cell_2 50.8739 44.9679 37.8806
ref cell_20 30.594 25.2523 13.7211
ref cell_21 29.1786 25.0179 13.3045
ref cell_3 46.9226 38.6494 35.1508
ref cell_30 21.6685 20.5856 12.6442
ref cell_31 27.5752 20.0389 12.7073
ref trash_1 16.7209 14.0262 11.7059
birth cell_0 48.4603 47.6712 39.3455
birth cell_00 23.2603 21.9624 17.3688
birth cell_01 21.5024 19.9317 18.1599
birth cell_1 50.1783 46.8724 41.7182
birth cell_10 24.8106 21.4741 17.2622
birth cell_11 24.6403 21.7746 18.9096
birth cell_2 46.152 42.5365 37.0079
birth cell_20 26.946 22.962 11.2884
birth cell_21 26.5322 21.836 10.9456
birth cell_3 43.4416 40.3869 36.8752
birth cell_30 21.6685 20.5856 12.6442
birth cell_31 27.5752 20.0389 12.7073
birth trash_1 14.519 12.4099 10.3459
