frame 0
z_slices 35
maxZ 238
perFrameAdaptiveBackground 0.00163131
perFrameMeanBrightness 0.00607526
nextFrameBackgroundValue 0.02
cell cell_0 387.186 154.371 108.457 48.4603 47.6712 39.3455 -0.17896 0.014167 1.60104 0.739342 0
cell cell_1 189.551 250.803 110.083 50.1783 46.8724 41.7182 0.224634 0.140892 1.07764 0.671611 0
cell cell_2 380.142 365.185 104.217 46.152 42.5365 37.0079 0.282557 -0.124465 0.857061 0.662522 0
cell cell_3 560.5 267.887 119.549 43.4416 40.3869 36.8752 -0.136648 0.144354 -0.820376 0.706696 0
cell trash_1 161.865 342.595 35.6895 14.0323 12.188 10.1337 1.2313 1.16244 0.38522 0.4215 1
cell trash_2 337.682 117.086 136.591 25.2686 17.1369 14.0381 -0.368864 0.74435 0.61245 0.267017 1
snap cell_0 1 1.23166 -0.178346 0.00855167 0.983931 39.3455 387.186 154.371 108.457 48.4603 47.6712 39.3455 -0.17896 0.014167 1.60104 0.98
snap cell_1 1 1.20279 0.261016 0.015135 0.965216 41.7182 189.551 250.803 110.083 50.1783 46.8724 41.7182 0.224634 0.140892 1.07764 0.98
snap cell_2 1 1.24708 0.13271 -0.27265 0.952917 37.0079 380.142 365.185 104.217 46.152 42.5365 37.0079 0.282557 -0.124465 0.857061 0.98
snap cell_3 1 1.17807 0.19682 -0.0113371 0.980374 36.8752 560.5 267.887 119.549 43.4416 40.3869 36.8752 -0.136648 0.144354 -0.820376 0.98
snap trash_1 1 1.38472 0.637547 -0.758978 0.13224 10.1337 161.865 342.595 35.6895 14.0323 12.188 10.1337 1.2313 1.16244 0.38522 0.98
snap trash_2 1 1.8 0.309793 0.658299 0.686055 14.0381 337.682 117.086 136.591 25.2686 17.1369 14.0381 -0.368864 0.74435 0.61245 0.98
ref cell_0 48.4603 47.6712 39.3455
ref cell_1 50.1783 46.8724 41.7182
ref cell_2 46.152 42.5365 37.0079
ref cell_3 43.4416 40.3869 36.8752
ref trash_1 14.0323 12.188 10.1337
ref trash_2 25.2686 17.1369 14.0381
birth cell_0 48.4603 47.6712 39.3455
birth cell_1 50.1783 46.8724 41.7182
birth cell_2 46.152 42.5365 37.0079
birth cell_3 43.4416 40.3869 36.8752
birth trash_1 14.519 12.4099 10.3459
birth trash_2 16.6408 13.6524 11.4758
