frame 13
z_slices 35
maxZ 238
perFrameAdaptiveBackground 0.00174463
perFrameMeanBrightness 0.0058942
nextFrameBackgroundValue 0.02
cell trash_1 162.943 339.777 38.4109 21.506 12.2948 11.9478 2.53727 1.10554 1.84519 0.295734 1
cell cell_10 163.919 310.3 97.6407 44.0361 41.8457 35.7772 -0.0135093 -0.0940862 1.24279 0.707758 0
cell cell_11 257.527 148.457 97.0555 45.3267 43.3769 36.6025 -3.05455 -0.0858043 -0.313939 0.763029 0
cell cell_00 361.137 343.353 66.9602 46.2218 43.2692 32.2821 0.0264036 0.0507938 -1.82444 0.686694 0
cell cell_01 439.533 159.409 145.553 44.2917 39.5353 36.1488 2.90402 -0.0252162 1.47597 0.471653 0
cell cell_20 482.264 347.61 133.047 38.2419 34.8299 27.3736 0.429054 0.217251 3.10747 0.477673 0
cell cell_21 304.345 310.257 157.278 40.1496 34.4575 26.5425 -3.07073 0.547853 0.52223 0.276953 0
cell cell_30 516.566 239.612 85.4759 30.0935 24.8645 23.6368 -1.11759 0.067612 -0.934371 0.387477 0
cell cell_31 550.898 310.546 132.666 26.55 26.0862 22.5447 -1.2619 0.355421 -0.664235 0.346064 0
snap cell_00 1 1.43181 -0.0382916 -0.0425058 0.998362 32.2821 361.137 343.353 66.9602 46.2218 43.2692 32.2821 0.0264036 0.0507938 -1.82444 0.658674
snap cell_01 1 1.22526 0.23661 0.00211271 -0.971602 36.1488 439.533 159.409 145.553 44.2917 39.5353 36.1488 2.90402 -0.0252162 1.47597 0.43814
snap cell_10 1 1.23084 -0.0430515 -0.0845788 0.995486 35.7772 163.919 310.3 97.6407 44.0361 41.8457 35.7772 -0.0135093 -0.0940862 1.24279 0.72496
snap cell_11 1 1.23835 0.108048 0.0563226 -0.992549 36.6025 257.527 148.457 97.0555 45.3267 43.3769 36.6025 -3.05455 -0.0858043 -0.313939 0.759697
snap cell_20 1 1.39704 -0.181702 0.422456 0.887984 27.3736 482.264 347.61 133.047 38.2419 34.8299 27.3736 0.429054 0.217251 3.10747 0.516822
snap cell_21 1 1.51266 -0.485614 -0.197794 -0.851502 26.5425 304.345 310.257 157.278 40.1496 34.4575 26.5425 -3.07073 0.547853 0.52223 0.242632
snap cell_30 1 1.27316 0.740618 0.510536 0.436851 23.6368 516.566 239.612 85.4759 30.0935 24.8645 23.6368 -1.11759 0.067612 -0.934371 0.45082
snap cell_31 1 1.17766 0.670578 0.684904 0.285011 22.5447 550.898 310.546 132.666 26.55 26.0862 22.5447 -1.2619 0.355421 -0.664235 0.322716
snap trash_1 1 1.8 0.74622 -0.553945 -0.36919 11.9478 162.943 339.777 38.4109 21.506 12.2948 11.9478 2.53727 1.10554 1.84519 0.223707
ref cell_0 43.7652 43.2018 37.2848
ref cell_00 36.0843 34.0709 26.522
ref cell_01 33.3573 30.9206 28.172
ref cell_1 47.5293 44.4174 38.7679
ref cell_10 38.4894 33.3134 26.7794
ref cell_11 38.2252 33.7796 26.9602
ref cell_2 50.8739 44.9679 37.8806
ref cell_20 33.7298 27.8406 15.1275
ref cell_21 32.1694 27.5822 14.6682
ref cell_3 46.9226 38.6494 35.1508
ref cell_30 23.8896 22.6956 13.9403
ref cell_31 27.5063 22.0928 14.0098
ref trash_1 18.4348 13.9911 11.9478
birth cell_0 48.4603 47.6712 39.3455
birth cell_00 23.2603 21.9624 17.3688
birth cell_01 21.5024 19.9317 18.1599
birth cell_1 50.1783 46.8724 41.7182
birth cell_10 24.8106 21.4741 17.2622
birth cell_11 24.6403 21.7746 18.9096
birth cell_2 46.152 42.5365 37.0079
birth cell_20 26.946 22.962 11.2884
birth cell_21 26.5322 21.836 10.9456
birth cell_3 43.4416 40.3869 36.8752
birth cell_30 21.6685 20.5856 12.6442
birth cell_31 27.5752 20.0389 12.7073
birth trash_1 14.519 12.4099 10.3459
