frame 16
z_slices 35
maxZ 238
perFrameAdaptiveBackground 0.00281179
perFrameMeanBrightness 0.00576967
nextFrameBackgroundValue 0.02
cell trash_1 160.162 341.018 36.5388 14.4222 12.9093 10.7237 -0.727109 1.47757 -1.65509 0.557874 1
cell cell_10 150.232 288.245 111.142 47.7984 44.4441 31.2508 0.167115 -0.0784615 2.73259 0.479699 0
cell cell_11 283.472 142.809 86.1007 47.9308 44.0714 33.6088 -2.93551 -0.158383 -1.00566 0.494438 0
cell cell_00 328.864 358.267 72.8686 47.2602 40.5577 33.05 0.167137 -0.138717 -1.05262 0.52623 0
cell cell_01 461.763 154.384 152.613 45.7481 42.8978 35.7292 -2.61719 0.180041 2.52533 0.381275 0
cell cell_20 477.062 350.96 141.123 39.2413 37.9738 29.1629 0.00255871 -0.198331 1.97407 0.55823 0
cell cell_21 314.442 298.689 156.162 40.353 38.9959 28.2027 -2.95102 0.394675 1.73802 0.381956 0
cell cell_30 498.982 252.997 66.3586 35.183 33.4264 26.9787 -0.151259 -0.00764248 -1.03474 0.643196 0
cell cell_31 576.368 315.874 134.18 33.0804 32.052 29.1522 -3.05716 0.230265 -0.859019 0.672122 0
snap cell_00 1 1.42996 -0.212052 0.03605 0.976593 33.05 328.864 358.267 72.8686 47.2602 40.5577 33.05 0.167137 -0.138717 -1.05262 0.650197
snap cell_01 1 1.28041 -0.162904 -0.498185 -0.85163 35.7292 461.763 154.384 152.613 45.7481 42.8978 35.7292 -2.61719 0.180041 2.52533 0.432808
snap cell_10 1 1.52951 0.137066 0.121881 0.983035 31.2508 150.232 288.245 111.142 47.7984 44.4441 31.2508 0.167115 -0.0784615 2.73259 0.652953
snap cell_11 1 1.42614 0.255491 -0.020793 -0.966588 33.6088 283.472 142.809 86.1007 47.9308 44.0714 33.6088 -2.93551 -0.158383 -1.00566 0.74072
snap cell_20 1 1.34559 0.0796755 -0.180223 0.980394 29.1629 477.062 350.96 141.123 39.2413 37.9738 29.1629 0.00255871 -0.198331 1.97407 0.428911
snap cell_21 1 1.43082 -0.123939 -0.403809 -0.906409 28.2027 314.442 298.689 156.162 40.353 38.9959 28.2027 -2.95102 0.394675 1.73802 0.26761
snap cell_30 1 1.3041 0.125688 0.083456 0.988553 26.9787 498.982 252.997 66.3586 35.183 33.4264 26.9787 -0.151259 -0.00764248 -1.03474 0.467354
snap cell_31 1 1.13475 -0.0846885 0.227291 -0.970137 29.1522 576.368 315.874 134.18 33.0804 32.052 29.1522 -3.05716 0.230265 -0.859019 0.446899
snap trash_1 1 1.34488 0.599721 -0.797181 0.0695481 10.7237 160.162 341.018 36.5388 14.4222 12.9093 10.7237 -0.727109 1.47757 -1.65509 0.394894
ref cell_0 43.7652 43.2018 37.2848
ref cell_00 41.7721 39.4413 30.7025
ref cell_01 38.6152 35.7945 32.6126
ref cell_1 47.5293 44.4174 38.7679
ref cell_10 44.5563 38.5644 31.0005
ref cell_11 44.2504 39.104 31.2098
ref cell_2 50.8739 44.9679 37.8806
ref cell_20 39.0465 32.229 17.512
ref cell_21 37.2401 31.9299 16.9803
ref cell_3 46.9226 38.6494 35.1508
ref cell_30 27.6552 26.273 16.1376
ref cell_31 31.8419 25.5752 16.2181
ref trash_1 15.8056 12.9093 10.7237
birth cell_0 48.4603 47.6712 39.3455
birth cell_00 23.2603 21.9624 17.3688
birth cell_01 21.5024 19.9317 18.1599
birth cell_1 50.1783 46.8724 41.7182
birth cell_10 24.8106 21.4741 17.2622
birth cell_11 24.6403 21.7746 18.9096
birth cell_2 46.152 42.5365 37.0079
birth cell_20 26.946 22.962 11.2884
birth cell_21 26.5322 21.836 10.9456
birth cell_3 43.4416 40.3869 36.8752
birth cell_30 21.6685 20.5856 12.6442
birth cell_31 27.5752 20.0389 12.7073
birth trash_1 14.519 12.4099 10.3459
