frame 14
z_slices 35
maxZ 238
perFrameAdaptiveBackground 0.00152274
perFrameMeanBrightness 0.00598002
nextFrameBackgroundValue 0.02
cell trash_1 159.421 342.231 35.6664 12.9531 12.5805 10.8152 -1.41813 0.870473 -2.28184 0.433476 1
cell cell_10 163.73 308.225 101.312 45.1278 42.4299 35.6682 -0.00477123 -0.160166 1.32411 0.65468 0
cell cell_11 265.33 142.628 94.7908 45.094 44.2307 36.663 2.85581 0.0850989 -0.311922 0.75371 0
cell cell_00 363.516 352.375 72.6977 45.7889 42.3299 32.8653 0.139941 0.11128 -1.41574 0.665938 0
cell cell_01 446.207 163.315 151.202 45.5544 40.7732 37.9478 2.82616 0.124841 1.31289 0.406204 0
cell cell_20 478.457 351.598 135.438 37.3516 35.5191 28.7422 0.401939 0.057619 -3.11527 0.453068 0
cell cell_21 304.975 301.145 160.408 37.9298 37.2799 27.8696 -2.87678 0.389016 0.637087 0.260536 0
cell cell_30 514.367 246.151 80.8648 32.451 28.3642 25.5856 0.173209 0.0205574 -0.766935 0.432545 0
cell cell_31 555.098 321.744 144.642 30.1798 28.9555 26.2873 -0.0730591 1.22063 1.1013 0.351107 0
snap cell_00 1 1.39323 -0.120829 -0.130187 0.984099 32.8653 363.516 352.375 72.6977 45.7889 42.3299 32.8653 0.139941 0.11128 -1.41574 0.686694
snap cell_01 1 1.20045 0.269779 -0.193586 -0.943262 37.9478 446.207 163.315 151.202 45.5544 40.7732 37.9478 2.82616 0.124841 1.31289 0.471653
snap cell_10 1 1.26521 -0.043571 -0.153488 0.98719 35.6682 163.73 308.225 101.312 45.1278 42.4299 35.6682 -0.00477123 -0.160166 1.32411 0.707758
snap cell_11 1 1.22996 -0.164127 -0.243274 -0.955971 36.663 265.33 142.628 94.7908 45.094 44.2307 36.663 2.85581 0.0850989 -0.311922 0.763029
snap cell_20 1 1.29954 -0.0632759 0.389673 0.918777 28.7422 478.457 351.598 135.438 37.3516 35.5191 28.7422 0.401939 0.057619 -3.11527 0.477673
snap cell_21 1 1.36098 -0.44994 -0.00736444 -0.893028 27.8696 304.975 301.145 160.408 37.9298 37.2799 27.8696 -2.87678 0.389016 0.637087 0.276953
snap cell_30 1 1.26833 -0.105015 -0.138146 0.984829 25.5856 514.367 246.151 80.8648 32.451 28.3642 25.5856 0.173209 0.0205574 -0.766935 0.387477
snap cell_31 1 1.14807 0.358755 0.868469 0.342136 26.2873 555.098 321.744 144.642 30.1798 28.9555 26.2873 -0.0730591 1.22063 1.1013 0.346064
snap trash_1 1 1.19768 0.672976 -0.733143 0.0980095 10.8152 159.421 342.231 35.6664 12.9531 12.5805 10.8152 -1.41813 0.870473 -2.28184 0.295734
ref cell_0 43.7652 43.2018 37.2848
ref cell_00 37.8885 35.7744 27.8481
ref cell_01 35.0251 32.4666 29.5806
ref cell_1 47.5293 44.4174 38.7679
ref cell_10 40.4139 34.9791 28.1183
ref cell_11 40.1364 35.4685 28.3082
ref cell_2 50.8739 44.9679 37.8806
ref cell_20 35.4163 29.2326 15.8839
ref cell_21 33.7779 28.9613 15.4016
ref cell_3 46.9226 38.6494 35.1508
ref cell_30 25.084 23.8304 14.6373
ref cell_31 28.8816 23.1975 14.7103
ref trash_1 17.5131 13.2915 11.3504
birth cell_0 48.4603 47.6712 39.3455
birth cell_00 23.2603 21.9624 17.3688
birth cell_01 21.5024 19.9317 18.1599
birth cell_1 50.1783 46.8724 41.7182
birth cell_10 24.8106 21.4741 17.2622
birth cell_11 24.6403 21.7746 18.9096
birth cell_2 46.152 42.5365 37.0079
birth cell_20 26.946 22.962 11.2884
birth cell_21 26.5322 21.836 10.9456
birth cell_3 43.4416 40.3869 36.8752
birth cell_30 21.6685 20.5856 12.6442
birth cell_31 27.5752 20.0389 12.7073
birth trash_1 14.519 12.4099 10.3459
