frame 4
z_slices 35
maxZ 238
perFrameAdaptiveBackground 0.00326762
perFrameMeanBrightness 0.00446999
nextFrameBackgroundValue 0.02
cell cell_2 382.788 388.307 118.299 52.75 49.9137 42.4035 -0.231969 0.101264 -0.824966 0.773645 0
cell cell_3 536.246 237.497 98.2386 48.4703 44.7135 37.0927 -0.053312 0.117221 -0.591683 0.700865 0
cell trash_1 160.664 340.265 38.2455 16.1512 12.9591 10.9472 -1.8353 1.16092 -2.40327 0.395591 1
cell trash_2 350.776 160.467 143.309 17.0294 12.313 10.7291 -1.85869 1.48644 -2.66003 0.294301 1
cell cell_10 197.44 247.563 86.1299 24.8106 21.4741 17.2622 0.384442 -0.255716 1.28108 0.454142 0
cell cell_11 213.278 230.265 128.614 24.6403 21.7746 18.9096 1.13508 0.864155 0.629068 0.32367 0
cell cell_00 378.166 196.698 83.1966 23.2603 21.9624 17.3688 0.159195 -0.257697 2.94227 0.481775 0
cell cell_01 393.828 186.698 124.181 21.5024 19.9317 18.1599 -0.875611 0.618448 1.1336 0.395979 0
snap cell_00 1 1.3392 0.278039 0.10556 0.954752 17.3688 378.166 196.698 83.1966 23.2603 21.9624 17.3688 0.159195 -0.257697 2.94227 0.244286
snap cell_01 1 1.18406 -0.538473 0.661573 0.521889 18.1599 393.828 186.698 124.181 21.5024 19.9317 18.1599 -0.875611 0.618448 1.1336 0.244286
snap cell_10 1 1.43728 0.292426 -0.331846 0.896864 17.2622 197.44 247.563 86.1299 24.8106 21.4741 17.2622 0.384442 -0.255716 1.28108 0.245356
snap cell_11 1 1.30306 0.792966 -0.54416 0.274034 18.9096 213.278 230.265 128.614 24.6403 21.7746 18.9096 1.13508 0.864155 0.629068 0.245356
snap cell_2 1 1.244 0.235624 0.0837371 0.96823 42.4035 382.788 388.307 118.299 52.75 49.9137 42.4035 -0.231969 0.101264 -0.824966 0.76675
snap cell_3 1 1.30673 0.126655 -0.0209108 0.991726 37.0927 536.246 237.497 98.2386 48.4703 44.7135 37.0927 -0.053312 0.117221 -0.591683 0.728827
snap trash_1 1 1.47538 0.826981 -0.552494 -0.10418 10.9472 160.664 340.265 38.2455 16.1512 12.9591 10.9472 -1.8353 1.16092 -2.40327 0.394788
snap trash_2 1 1.58721 0.694852 -0.718755 -0.0239224 10.7291 350.776 160.467 143.309 17.0294 12.313 10.7291 -1.85869 1.48644 -2.66003 0.270691
ref cell_0 43.7652 43.2018 37.2848
ref cell_00 23.2603 21.9624 17.3688
ref cell_01 21.5024 19.9317 18.1599
ref cell_1 47.5293 44.4174 38.7679
ref cell_10 24.8106 21.4741 17.2622
ref cell_11 24.6403 21.7746 18.9096
ref cell_2 52.75 49.826 41.112
ref cell_3 48.4703 44.7135 37.1616
ref trash_1 14.5167 12.9517 10.8427
ref trash_2 22.7479 15.4274 12.6377
birth cell_0 48.4603 47.6712 39.3455
birth cell_00 23.2603 21.9624 17.3688
birth cell_01 21.5024 19.9317 18.1599
birth cell_1 50.1783 46.8724 41.7182
birth cell_10 24.8106 21.4741 17.2622
birth cell_11 24.6403 21.7746 18.9096
birth cell_2 46.152 42.5365 37.0079
birth cell_3 43.4416 40.3869 36.8752
birth trash_1 14.519 12.4099 10.3459
birth trash_2 16.6408 13.6524 11.4758
