frame 1
z_slices 35
maxZ 238
perFrameAdaptiveBackground 0.00173412
perFrameMeanBrightness 0.00652164
nextFrameBackgroundValue 0.02
cell cell_0 394.753 164.229 104.992 48.4933 47.869 41.5271 -0.287352 -0.064765 1.60853 0.665853 0
cell cell_1 190.955 226.607 111.161 52.664 49.7133 42.9562 0.102684 0.180968 1.59202 0.622449 0
cell cell_2 363.858 383.059 110.655 47.4257 44.8981 39.1532 0.314391 -0.0281352 0.403292 0.705679 0
cell cell_3 555.207 253.241 119.5 43.746 40.7416 37.4406 -0.4906 0.110629 -0.878078 0.673175 0
cell trash_1 161.865 342.595 35.6895 13.2127 12.5363 10.2093 1.56215 0.0272492 0.581005 0.432164 1
cell trash_2 342.261 129.908 134.704 28.2027 18.5569 15.6682 1.71597 0.529565 0.732461 0.162838 1
snap cell_0 1 1.16775 -0.280871 -0.0727139 0.956987 41.5271 394.753 164.229 104.992 48.4933 47.869 41.5271 -0.287352 -0.064765 1.60853 0.739342
snap cell_1 1 1.22599 0.0986817 0.181169 0.978489 42.9562 190.955 226.607 111.161 52.664 49.7133 42.9562 0.102684 0.180968 1.59202 0.671611
snap cell_2 1 1.21129 0.0967534 -0.294928 0.950608 39.1532 363.858 383.059 110.655 47.4257 44.8981 39.1532 0.314391 -0.0281352 0.403292 0.662522
snap cell_3 1 1.16841 0.424751 0.225958 0.876658 37.4406 555.207 253.241 119.5 43.746 40.7416 37.4406 -0.4906 0.110629 -0.878078 0.706696
snap trash_1 1 1.29419 0.54904 -0.835751 0.00864706 10.2093 161.865 342.595 35.6895 13.2127 12.5363 10.2093 1.56215 0.0272492 0.581005 0.4215
snap trash_2 1 1.8 0.607331 -0.784577 -0.12485 15.6682 342.261 129.908 134.704 28.2027 18.5569 15.6682 1.71597 0.529565 0.732461 0.267017
ref cell_0 48.4933 47.869 41.3128
ref cell_1 52.664 49.216 42.9562
ref cell_2 47.4257 44.6633 38.8583
ref cell_3 43.746 40.7416 37.4406
ref trash_1 13.3307 12.5363 10.2093
ref trash_2 26.532 17.9938 14.74
birth cell_0 48.4603 47.6712 39.3455
birth cell_1 50.1783 46.8724 41.7182
birth cell_2 46.152 42.5365 37.0079
birth cell_3 43.4416 40.3869 36.8752
birth trash_1 14.519 12.4099 10.3459
birth trash_2 16.6408 13.6524 11.4758
