frame 5
z_slices 35
maxZ 238
perFrameAdaptiveBackground 0.00476835
perFrameMeanBrightness 0.00399636
nextFrameBackgroundValue 0.02
cell cell_2 378.473 365.138 132.812 53.5515 41.0822 39.8743 1.28434 0.00578989 -1.52195 0.378225 0
cell cell_3 535.858 284.019 103.15 48.619 46.3176 41.0942 0.230033 -0.159834 -0.450129 0.780225 0
cell trash_1 160.605 342.896 36.0921 15.8198 12.638 11.7985 2.15823 1.18539 1.02724 0.420822 1
cell trash_2 350.058 148.823 132.944 16.0729 14.4425 11.1071 -2.37885 0.379137 -2.94101 0.0347222 1
cell cell_10 181.2 260.395 90.2948 31.1699 27.8244 18.4088 0.882327 -0.108624 0.925037 0.503188 0
cell cell_11 209.923 197.612 129.475 31.5539 28.8884 18.2477 1.03599 -0.279247 0.702983 0.346633 0
cell cell_00 386.938 209.949 72.1511 30.5243 26.2639 17.9511 -0.42789 0.180646 -1.97076 0.511729 0
cell cell_01 415.24 172.853 123.317 29.6686 24.6873 22.0537 -2.32492 -0.181076 1.19111 0.324004 0
snap cell_00 1 1.70041 0.318551 -0.312141 0.895038 17.9511 386.938 209.949 72.1511 30.5243 26.2639 17.9511 -0.42789 0.180646 -1.97076 0.481775
snap cell_01 1 1.34529 -0.631265 0.384656 -0.673457 22.0537 415.24 172.853 123.317 29.6686 24.6873 22.0537 -2.32492 -0.181076 1.19111 0.395979
snap cell_10 1 1.69321 0.575275 -0.519736 0.631612 18.4088 181.2 260.395 90.2948 31.1699 27.8244 18.4088 0.882327 -0.108624 0.925037 0.454142
snap cell_11 1 1.7292 0.449048 -0.74721 0.489932 18.2477 209.923 197.612 129.475 31.5539 28.8884 18.2477 1.03599 -0.279247 0.702983 0.32367
snap cell_2 1 1.34301 -0.958029 -0.0484681 0.282546 39.8743 378.473 365.138 132.812 53.5515 41.0822 39.8743 1.28434 0.00578989 -1.52195 0.773645
snap cell_3 1 1.18311 -0.238729 -0.137877 0.961249 41.0942 535.858 284.019 103.15 48.619 46.3176 41.0942 0.230033 -0.159834 -0.450129 0.700865
snap trash_1 1 1.34084 0.446792 -0.870038 -0.208354 11.7985 160.605 342.896 36.0921 15.8198 12.638 11.7985 2.15823 1.18539 1.02724 0.395591
snap trash_2 1 1.44708 0.399867 -0.62374 -0.671606 11.1071 350.058 148.823 132.944 16.0729 14.4425 11.1071 -2.37885 0.379137 -2.94101 0.294301
ref cell_0 43.7652 43.2018 37.2848
ref cell_00 24.4233 23.0605 17.9511
ref cell_01 22.5775 20.9283 19.0679
ref cell_1 47.5293 44.4174 38.7679
ref cell_10 26.0512 22.5478 18.1253
ref cell_11 25.8723 22.8633 18.2477
ref cell_2 53.5515 47.3347 39.8743
ref cell_3 48.619 46.3176 39.0197
ref trash_1 15.2425 12.638 11.3849
ref trash_2 21.6105 14.656 12.0058
birth cell_0 48.4603 47.6712 39.3455
birth cell_00 23.2603 21.9624 17.3688
birth cell_01 21.5024 19.9317 18.1599
birth cell_1 50.1783 46.8724 41.7182
birth cell_10 24.8106 21.4741 17.2622
birth cell_11 24.6403 21.7746 18.9096
birth cell_2 46.152 42.5365 37.0079
birth cell_3 43.4416 40.3869 36.8752
birth trash_1 14.519 12.4099 10.3459
birth trash_2 16.6408 13.6524 11.4758
