frame 12
z_slices 35
maxZ 238
perFrameAdaptiveBackground 0.00186456
perFrameMeanBrightness 0.00563019
nextFrameBackgroundValue 0.02
cell trash_1 162.943 339.777 38.4109 28.7064 18.2961 15.948 -3.02764 1.2198 1.99226 0.223707 1
cell cell_10 161.647 323.683 92.711 43.0976 42.7894 35.4721 0.149992 -0.0259468 0.658836 0.72496 0
cell cell_11 247.071 142.56 112.269 46.5294 42.9078 36.9924 3.12837 -0.229749 -0.626392 0.759697 0
cell cell_00 357.059 323.834 63.3133 45.2504 43.1728 31.2522 0.00370459 0.0377981 -1.49223 0.658674 0
cell cell_01 426.315 162.175 152.546 44.2776 38.4886 36.442 2.80366 0.142687 1.60484 0.43814 0
cell cell_20 463.146 350.949 124.873 36.021 35.0089 26.07 -0.484667 0.219158 -2.9646 0.516822 0
cell cell_21 310.125 325.082 159.294 38.8544 33.3464 25.2785 -2.95734 0.909784 -0.148735 0.242632 0
cell cell_30 518.742 240.871 96.4872 28.3572 26.0448 14.6039 -1.0368 -0.534401 -0.797335 0.45082 0
cell cell_31 545.818 310.947 124.175 29.982 22.5001 14.3761 -0.763507 -0.935579 -1.31545 0.322716 0
snap cell_00 1 1.44791 -0.000727359 -0.037963 0.999279 31.2522 357.059 323.834 63.3133 45.2504 43.1728 31.2522 0.00370459 0.0377981 -1.49223 0.710188
snap cell_01 1 1.21502 0.335916 -0.122798 -0.933853 36.442 426.315 162.175 152.546 44.2776 38.4886 36.442 2.80366 0.142687 1.60484 0.422996
snap cell_10 1 1.21497 0.0711973 -0.13386 0.988439 35.4721 161.647 323.683 92.711 43.0976 42.7894 35.4721 0.149992 -0.0259468 0.658836 0.715986
snap cell_11 1 1.25781 0.176728 -0.144205 -0.973639 36.9924 247.071 142.56 112.269 46.5294 42.9078 36.9924 3.12837 -0.229749 -0.626392 0.741253
snap cell_20 1 1.3817 -0.107331 -0.492505 0.863666 26.07 463.146 350.949 124.873 36.021 35.0089 26.07 -0.484667 0.219158 -2.9646 0.500979
snap cell_21 1 1.53705 -0.740293 0.296183 -0.603525 25.2785 310.125 325.082 159.294 38.8544 33.3464 25.2785 -2.95734 0.909784 -0.148735 0.283989
snap cell_30 1 1.94175 0.434777 0.786837 0.438015 14.6039 518.742 240.871 96.4872 28.3572 26.0448 14.6039 -1.0368 -0.534401 -0.797335 0.621615
snap cell_31 1 2.08555 0.522167 0.737295 0.428647 14.3761 545.818 310.947 124.175 29.982 22.5001 14.3761 -0.763507 -0.935579 -1.31545 0.574165
snap trash_1 1 1.8 0.277905 -0.897817 -0.341604 15.948 162.943 339.777 38.4109 28.7064 18.2961 15.948 -3.02764 1.2198 1.99226 0.330019
ref cell_0 43.7652 43.2018 37.2848
ref cell_00 34.366 32.4484 25.2591
ref cell_01 31.7688 29.4482 26.8305
ref cell_1 47.5293 44.4174 38.7679
ref cell_10 36.6566 31.7271 25.5042
ref cell_11 36.4049 32.171 25.6764
ref cell_2 50.8739 44.9679 37.8806
ref cell_20 32.1237 26.5149 14.4071
ref cell_21 30.6376 26.2688 13.9697
ref cell_3 46.9226 38.6494 35.1508
ref cell_30 22.752 21.6149 13.2765
ref cell_31 28.954 21.0408 13.3427
ref trash_1 17.557 14.7275 12.2912
birth cell_0 48.4603 47.6712 39.3455
birth cell_00 23.2603 21.9624 17.3688
birth cell_01 21.5024 19.9317 18.1599
birth cell_1 50.1783 46.8724 41.7182
birth cell_10 24.8106 21.4741 17.2622
birth cell_11 24.6403 21.7746 18.9096
birth cell_2 46.152 42.5365 37.0079
birth cell_20 26.946 22.962 11.2884
birth cell_21 26.5322 21.836 10.9456
birth cell_3 43.4416 40.3869 36.8752
birth cell_30 21.6685 20.5856 12.6442
birth cell_31 27.5752 20.0389 12.7073
birth trash_1 14.519 12.4099 10.3459
