frame 9
z_slices 35
maxZ 238
perFrameAdaptiveBackground 0.00236186
perFrameMeanBrightness 0.00437411
nextFrameBackgroundValue 0.02
cell cell_3 527.632 275.876 115.874 49.3922 33.5886 22.3228 -1.22949 -0.0906113 0.0641609 0.323563 0
cell trash_1 159.683 341.294 35.1153 19.1116 13.221 10.6176 2.31345 1.23769 1.4731 0.443231 1
cell cell_10 159.159 309.115 86.983 41.0869 38.6548 31.7768 -0.12177 0.00811634 1.58816 0.716416 0
cell cell_11 241.933 140.876 124.419 41.9385 39.2382 35.8294 -3.11508 -0.345588 -0.182156 0.747997 0
cell cell_00 376.012 273.217 63.5363 40.2626 38.171 29.4629 0.0408821 0.0631265 -1.97492 0.714543 0
cell cell_01 424.711 149.426 147.75 39.3101 37.6086 34.1848 -2.11806 -0.200086 2.36975 0.47294 0
cell cell_20 434.01 352.626 133.329 27.9905 26.5549 22.5203 0.657292 0.880168 -2.17956 0.32507 0
cell cell_21 346.342 344.008 149.397 29.8466 22.9388 19.5311 1.59476 1.09842 -1.51645 0.266936 0
snap cell_00 1 1.36655 -0.0623634 -0.0418837 0.997174 29.4629 376.012 273.217 63.5363 40.2626 38.171 29.4629 0.0408821 0.0631265 -1.97492 0.605674
snap cell_01 1 1.14993 -0.669707 -0.539835 -0.50997 34.1848 424.711 149.426 147.75 39.3101 37.6086 34.1848 -2.11806 -0.200086 2.36975 0.56312
snap cell_10 1 1.29298 -0.121591 0.00594594 0.992562 31.7768 159.159 309.115 86.983 41.0869 38.6548 31.7768 -0.12177 0.00811634 1.58816 0.66359
snap cell_11 1 1.1705 0.337831 -0.0352673 -0.940546 35.8294 241.933 140.876 124.419 41.9385 39.2382 35.8294 -3.11508 -0.345588 -0.182156 0.651153
snap cell_20 1 1.2429 -0.850186 -0.151222 0.504298 22.5203 434.01 352.626 133.329 27.9905 26.5549 22.5203 0.657292 0.880168 -2.17956 0.389076
snap cell_21 1 1.52815 -0.999396 -0.0330039 -0.0109007 19.5311 346.342 344.008 149.397 29.8466 22.9388 19.5311 1.59476 1.09842 -1.51645 0.282871
snap cell_3 1 2.21263 -0.0906442 0.938436 0.333348 22.3228 527.632 275.876 115.874 49.3922 33.5886 22.3228 -1.22949 -0.0906113 0.0641609 0.693932
snap trash_1 1 1.8 0.670828 -0.707882 -0.221118 10.6176 159.683 341.294 35.1153 19.1116 13.221 10.6176 2.31345 1.23769 1.4731 0.465245
ref cell_0 43.7652 43.2018 37.2848
ref cell_00 29.6867 28.0302 21.8197
ref cell_01 27.4431 25.4385 23.1772
ref cell_1 47.5293 44.4174 38.7679
ref cell_10 31.6653 27.407 22.0315
ref cell_11 31.4479 27.7905 22.1802
ref cell_2 50.8739 44.9679 37.8806
ref cell_20 27.7496 22.9046 12.4454
ref cell_21 26.4659 22.692 12.0676
ref cell_3 49.3922 40.6836 37.0008
ref trash_1 15.1664 12.9112 10.6176
birth cell_0 48.4603 47.6712 39.3455
birth cell_00 23.2603 21.9624 17.3688
birth cell_01 21.5024 19.9317 18.1599
birth cell_1 50.1783 46.8724 41.7182
birth cell_10 24.8106 21.4741 17.2622
birth cell_11 24.6403 21.7746 18.9096
birth cell_2 46.152 42.5365 37.0079
birth cell_20 26.946 22.962 11.2884
birth cell_21 26.5322 21.836 10.9456
birth cell_3 43.4416 40.3869 36.8752
birth trash_1 14.519 12.4099 10.3459
