frame 6
z_slices 35
maxZ 238
perFrameAdaptiveBackground 0.00298665
perFrameMeanBrightness 0.00351825
nextFrameBackgroundValue 0.02
cell cell_2 377.828 336.629 138.919 38.9643 34.4079 16.6259 1.58852 0.404164 -1.26404 0.414274 0
cell cell_3 533.806 300.845 117.836 48.6897 43.2443 39.8519 0.158215 0.150279 -0.708917 0.778807 0
cell trash_1 159.763 341.545 38.5502 14.1888 13.2876 11.2602 1.83284 1.21439 1.0469 0.390324 1
cell trash_2 351.392 147.842 118.054 10.8323 10.4949 6.01795 2.87128 -0.152561 2.02839 0.035641 1
cell cell_10 178.967 272.543 101.641 33.2192 31.2567 25.9623 0.0323302 -0.166804 0.995111 0.455336 0
cell cell_11 223.62 191.546 119.727 31.9432 30.8693 26.7096 2.24242 -0.562744 0.676558 0.369134 0
cell cell_00 387.841 228.543 70.2051 31.901 28.0055 24.1318 -0.0794632 -0.020233 -1.94536 0.590225 0
cell cell_01 427.506 166.871 110.459 30.6329 27.7988 26.3172 2.58339 -1.10016 1.47296 0.508185 0
snap cell_00 1 1.32195 0.0812547 -0.0102726 0.99664 24.1318 387.841 228.543 70.2051 31.901 28.0055 24.1318 -0.0794632 -0.020233 -1.94536 0.511729
snap cell_01 1 1.16399 0.600975 0.700637 -0.384626 26.3172 427.506 166.871 110.459 30.6329 27.7988 26.3172 2.58339 -1.10016 1.47296 0.324004
snap cell_10 1 1.27952 -0.0632274 -0.156795 0.985605 25.9623 178.967 272.543 101.641 33.2192 31.2567 25.9623 0.0323302 -0.166804 0.995111 0.503188
snap cell_11 1 1.19594 0.748985 -0.40253 -0.5263 26.7096 223.62 191.546 119.727 31.9432 30.8693 26.7096 2.24242 -0.562744 0.676558 0.346633
snap cell_2 1 2.34359 -0.955273 -0.295276 -0.0162936 16.6259 377.828 336.629 138.919 38.9643 34.4079 16.6259 1.58852 0.404164 -1.26404 0.378225
snap cell_3 1 1.22177 0.009653 -0.215844 0.97638 39.8519 533.806 300.845 117.836 48.6897 43.2443 39.8519 0.158215 0.150279 -0.708917 0.780225
snap trash_1 1 1.26009 0.71487 -0.693391 -0.0903871 11.2602 159.763 341.545 38.5502 14.1888 13.2876 11.2602 1.83284 1.21439 1.0469 0.420822
snap trash_2 1 1.8 0.174862 0.249358 -0.952493 6.01795 351.392 147.842 118.054 10.8323 10.4949 6.01795 2.87128 -0.152561 2.02839 0.0347222
ref cell_0 43.7652 43.2018 37.2848
ref cell_00 25.6445 24.2135 18.8487
ref cell_01 23.7064 21.9747 20.0213
ref cell_1 47.5293 44.4174 38.7679
ref cell_10 27.3537 23.6752 19.0316
ref cell_11 27.1659 24.0065 19.1601
ref cell_2 50.8739 44.9679 37.8806
ref cell_3 48.6897 44.0017 39.8519
ref trash_1 14.4804 13.2699 11.2602
ref trash_2 20.5299 13.9232 11.4055
birth cell_0 48.4603 47.6712 39.3455
birth cell_00 23.2603 21.9624 17.3688
birth cell_01 21.5024 19.9317 18.1599
birth cell_1 50.1783 46.8724 41.7182
birth cell_10 24.8106 21.4741 17.2622
birth cell_11 24.6403 21.7746 18.9096
birth cell_2 46.152 42.5365 37.0079
birth cell_3 43.4416 40.3869 36.8752
birth trash_1 14.519 12.4099 10.3459
birth trash_2 16.6408 13.6524 11.4758
