frame 8
z_slices 35
maxZ 238
perFrameAdaptiveBackground 0.00215138
perFrameMeanBrightness 0.00461071
nextFrameBackgroundValue 0.02
cell cell_3 539.246 285.571 109.628 47.9345 42.8249 38.9482 -0.114943 -0.111563 -0.800093 0.693932 0
cell trash_1 160.657 342.95 36.0279 13.193 12.2963 9.49894 1.93042 1.50854 1.29642 0.465245 1
cell cell_10 156.774 303.397 100.527 39.3657 35.3257 29.6668 -0.0866301 0.00986673 1.23601 0.66359 0
cell cell_11 227.738 151.033 128.144 40.0872 37.8208 32.9704 -3.11784 -0.439185 -0.0261209 0.651153 0
cell cell_00 383.285 252.584 59.6499 36.3875 35.9325 26.7302 0.0137424 0.0418204 -2.47413 0.605674 0
cell cell_01 428.954 145.033 127.515 39.4098 35.0636 31.9141 -1.68368 0.172458 2.06228 0.56312 0
cell cell_20 426.522 346.64 139.543 26.4282 21.649 12.3107 0.89887 1.23992 -1.88956 0.389076 0
cell cell_21 354.314 334.957 147.366 24.4002 21.6114 11.8311 1.45388 1.23956 -1.49398 0.282871 0
snap cell_00 1 1.36128 -0.0413391 -0.0150837 0.999031 26.7302 383.285 252.584 59.6499 36.3875 35.9325 26.7302 0.0137424 0.0418204 -2.47413 0.557828
snap cell_01 1 1.23487 -0.866899 -0.485974 -0.110973 31.9141 428.954 145.033 127.515 39.4098 35.0636 31.9141 -1.68368 0.172458 2.06228 0.589289
snap cell_10 1 1.32693 -0.0784885 0.037712 0.996201 29.6668 156.774 303.397 100.527 39.3657 35.3257 29.6668 -0.0866301 0.00986673 1.23601 0.556118
snap cell_11 1 1.21585 0.425557 0.0126352 -0.904843 32.9704 227.738 151.033 128.144 40.0872 37.8208 32.9704 -3.11784 -0.439185 -0.0261209 0.566539
snap cell_20 1 2.14677 -0.927703 -0.313799 0.20223 12.3107 426.522 346.64 139.543 26.4282 21.649 12.3107 0.89887 1.23992 -1.88956 0.332605
snap cell_21 1 2.06238 -0.981779 -0.1862 0.037937 11.8311 354.314 334.957 147.366 24.4002 21.6114 11.8311 1.45388 1.23956 -1.49398 0.321049
snap cell_3 1 1.23072 0.00523489 0.159242 0.987226 38.9482 539.246 285.571 109.628 47.9345 42.8249 38.9482 -0.114943 -0.111563 -0.800093 0.752912
snap trash_1 1 1.38889 0.805849 -0.591716 -0.0218946 9.49894 160.657 342.95 36.0279 13.193 12.2963 9.49894 1.93042 1.50854 1.29642 0.338459
ref cell_0 43.7652 43.2018 37.2848
ref cell_00 28.273 26.6954 20.7807
ref cell_01 26.1363 24.2271 22.0735
ref cell_1 47.5293 44.4174 38.7679
ref cell_10 30.1575 26.1019 20.9823
ref cell_11 29.9504 26.4672 21.124
ref cell_2 50.8739 44.9679 37.8806
ref cell_20 26.4282 21.8139 11.8528
ref cell_21 25.2056 21.6114 11.4929
ref cell_3 47.9345 42.8249 38.9482
ref trash_1 14.4442 12.2963 10.1623
birth cell_0 48.4603 47.6712 39.3455
birth cell_00 23.2603 21.9624 17.3688
birth cell_01 21.5024 19.9317 18.1599
birth cell_1 50.1783 46.8724 41.7182
birth cell_10 24.8106 21.4741 17.2622
birth cell_11 24.6403 21.7746 18.9096
birth cell_2 46.152 42.5365 37.0079
birth cell_20 26.946 22.962 11.2884
birth cell_21 26.5322 21.836 10.9456
birth cell_3 43.4416 40.3869 36.8752
birth trash_1 14.519 12.4099 10.3459
