frame 10
z_slices 35
maxZ 238
perFrameAdaptiveBackground 0.00204491
perFrameMeanBrightness 0.00479539
nextFrameBackgroundValue 0.02
cell cell_3 533.437 286.739 107.154 35.8429 32.6284 15.5537 -1.07665 -0.683659 -0.535098 0.666597 0
cell trash_1 159.683 341.294 35.1153 22.4115 14.38 12.4508 2.67046 0.973396 1.47631 0.255404 1
cell cell_10 162.893 301.695 78.9404 41.7555 39.8841 32.2637 0.0696741 -0.235415 1.56554 0.738616 0
cell cell_11 248.723 140.186 115.587 44.177 40.0224 36.0866 2.99048 -0.298848 -0.893494 0.756712 0
cell cell_00 366.088 290.881 64.727 41.3862 39.5832 30.3561 -0.0440456 0.0315195 -1.96377 0.687645 0
cell cell_01 415.408 150.966 153.763 41.3845 38.0462 35.7192 -2.3509 -0.0612677 1.92221 0.459697 0
cell cell_20 438.636 359.596 133.082 32.9761 30.2729 23.6463 -0.951768 0.270341 -3.1294 0.358947 0
cell cell_21 326.891 345.016 159.297 33.6218 29.5991 22.9284 -2.66317 1.07983 -0.0453917 0.242221 0
snap cell_00 1 1.36336 0.0286187 -0.0459452 0.998534 30.3561 366.088 290.881 64.727 41.3862 39.5832 30.3561 -0.0440456 0.0315195 -1.96377 0.714543
snap cell_01 1 1.15861 -0.682223 -0.204251 -0.702035 35.7192 415.408 150.966 153.763 41.3845 38.0462 35.7192 -2.3509 -0.0612677 1.92221 0.47294
snap cell_10 1 1.29419 0.0683926 -0.233043 0.970058 32.2637 162.893 301.695 78.9404 41.7555 39.8841 32.2637 0.0696741 -0.235415 1.56554 0.716416
snap cell_11 1 1.2242 0.0650987 -0.321158 -0.944786 36.0866 248.723 140.186 115.587 44.177 40.0224 36.0866 2.99048 -0.298848 -0.893494 0.747997
snap cell_20 1 1.39456 -0.145018 -0.816272 0.559169 23.6463 438.636 359.596 133.082 32.9761 30.2729 23.6463 -0.951768 0.270341 -3.1294 0.32507
snap cell_21 1 1.46638 -0.761168 0.495426 -0.418542 22.9284 326.891 345.016 159.297 33.6218 29.5991 22.9284 -2.66317 1.07983 -0.0453917 0.266936
snap cell_3 1 2.30446 0.191226 0.910073 0.367696 15.5537 533.437 286.739 107.154 35.8429 32.6284 15.5537 -1.07665 -0.683659 -0.535098 0.323563
snap trash_1 1 1.8 0.382366 -0.776262 -0.501213 12.4508 159.683 341.294 35.1153 22.4115 14.38 12.4508 2.67046 0.973396 1.47631 0.443231
ref cell_0 43.7652 43.2018 37.2848
ref cell_00 31.171 29.4317 22.9107
ref cell_01 28.8153 26.7104 24.336
ref cell_1 47.5293 44.4174 38.7679
ref cell_10 33.2486 28.7774 23.133
ref cell_11 33.0203 29.1801 23.2892
ref cell_2 50.8739 44.9679 37.8806
ref cell_20 29.1371 24.0498 13.0677
ref cell_21 27.7892 23.8266 12.6709
ref cell_3 46.9226 38.6494 35.1508
ref trash_1 15.9247 13.5567 11.1485
birth cell_0 48.4603 47.6712 39.3455
birth cell_00 23.2603 21.9624 17.3688
birth cell_01 21.5024 19.9317 18.1599
birth cell_1 50.1783 46.8724 41.7182
birth cell_10 24.8106 21.4741 17.2622
birth cell_11 24.6403 21.7746 18.9096
birth cell_2 46.152 42.5365 37.0079
birth cell_20 26.946 22.962 11.2884
birth cell_21 26.5322 21.836 10.9456
birth cell_3 43.4416 40.3869 36.8752
birth trash_1 14.519 12.4099 10.3459
